# Hellas basin 
# Below are all pit-width measurements made in the putative ancient dune field of Hellas basin. 

# For more information contact Mackenzie Day at daym@uw.edu or see: 
# Day, M., and Catling, C., 2018, Dune casts preserved by partial burial: the first identification of “ghost dune” pits on Mars: J. Geophys. Res. Planets. Special issue. 

#FID	Width (m)
261	170.651464
224	185.133093
114	191.672702
213	192.186258
88	198.878381
283	214.035099
279	218.181442
273	224.257261
126	225.285041
133	238.125476
165	238.196935
293	238.492671
314	238.492671
258	241.337614
104	244.829443
277	247.070899
76	251.354669
239	251.441688
185	252.02248
238	252.74338
106	252.74338
262	254.220899
317	254.468611
296	254.468611
74	255.498157
274	255.758318
316	256.864467
288	259.454125
56	260.350521
161	264.762604
184	264.762604
264	265.429181
247	267.543874
173	270.192341
81	271.279113
136	271.279113
248	273.207662
109	276.992895
164	278.659944
80	279.070135
227	279.689047
45	280.049239
267	280.209176
225	280.552731
297	280.633565
101	281.645141
167	283.82394
84	284.427652
141	285.655624
48	285.821118
43	286.877242
75	287.183205
98	287.183205
236	294.116829
235	295.399322
110	296.333926
260	296.333926
271	296.333926
265	296.522854
42	298.450597
228	298.518143
250	298.720688
44	299.5295
193	302.043078
85	304.917835
124	304.917835
252	307.099698
259	307.099698
162	307.40595
212	308.02471
157	308.035236
86	310.604439
91	310.886038
179	311.162578
282	311.445664
66	314.193337
312	314.454331
69	315.929225
107	317.500635
306	317.500635
294	317.776124
135	318.60116
246	319.287063
315	319.697897
87	319.971494
186	320.059111
270	321.357769
231	321.640837
170	322.770248
241	324.18272
303	324.317656
83	324.385103
245	324.385103
160	324.863269
181	324.863269
169	324.863269
82	326.334994
249	327.405826
197	327.849194
291	328.595688
276	328.595688
49	330.20066
221	330.20066
35	330.729828
307	330.729828
166	330.770357
131	331.786476
144	333.102572
148	333.693121
174	334.264507
278	334.675055
55	336.610574
298	337.409267
290	338.667344
257	339.328159
59	342.488864
51	342.900686
62	343.135791
229	345.478042
78	345.54541
183	347.890338
299	348.005737
200	348.709084
285	349.250699
256	349.250699
286	349.891526
196	350.061549
313	350.26147
102	350.636014
99	350.823136
244	350.823136
77	350.823136
187	352.04027
117	353.618089
206	355.618854
219	356.110614
52	356.506702
127	357.188214
129	358.044635
204	358.374105
266	359.834053
128	361.086701
254	361.232075
152	362.874805
275	363.70418
182	364.20646
168	365.268288
143	365.961185
125	370.476462
305	370.653568
103	370.653568
237	370.653568
142	373.300077
222	373.734797
90	373.82713
57	374.704559
176	375.721565
123	377.553848
153	378.03372
63	380.339302
13	380.698622
253	381.000762
255	381.147725
36	383.465181
217	383.58492
79	383.646601
302	384.557876
105	384.557876
310	385.693944
289	390.294829
150	390.629886
137	390.765375
132	390.765375
251	391.584117
272	391.727109
284	391.727109
147	392.274019
198	394.726847
280	395.426757
232	396.717012
30	396.875794
191	396.955161
220	400.101194
158	400.663356
108	402.167471
207	402.685904
100	403.49039
73	403.707204
71	410.158327
29	410.957597
97	411.436414
300	412.020878
226	412.750826
281	413.293205
223	413.531627
70	413.742883
68	413.742883
263	413.970181
268	413.970181
130	416.772077
134	417.715832
192	417.757727
171	419.550555
122	420.065942
209	420.439822
140	423.799014
115	429.948777
14	430.266668
11	430.266668
96	431.218938
230	434.778836
233	434.828103
180	436.73749
234	436.851915
210	437.152511
27	437.364408
53	438.196888
139	439.011925
54	444.001679
3	444.784281
112	445.004573
188	448.117327
155	450.702641
121	451.540094
33	451.540094
10	454.076517
199	454.938084
89	456.455092
138	457.60389
311	460.178201
195	460.375921
190	462.356041
159	462.576427
208	463.670257
201	464.201435
18	465.671826
151	473.13086
194	473.597723
178	476.39387
95	476.985341
243	477.308115
23	477.901741
218	478.320792
301	479.181755
47	482.64274
146	483.589893
41	484.102579
203	486.352803
211	487.311741
156	487.841003
61	489.98074
31	490.194716
64	496.094742
38	497.291546
189	498.486108
111	500.224464
308	500.790927
145	502.709339
205	502.921006
202	502.937752
7	502.937752
94	507.042373
287	508.441798
24	508.937221
116	512.897882
22	516.616507
1	517.097329
118	525.933224
60	527.051054
12	529.426045
17	530.200248
177	530.438656
20	531.488082
67	531.488082
46	533.552236
39	538.292341
214	542.991067
2	543.473545
304	544.811518
5	545.954712
119	547.095517
292	548.17409
9	551.932496
92	554.719802
34	557.041721
65	562.483839
175	565.083578
149	566.623551
28	570.238074
120	570.238074
40	573.227151
295	574.36641
93	579.258919
309	584.03554
58	584.339196
269	588.209857
50	591.097166
37	594.667756
21	595.313691
32	595.460664
6	596.231677
19	601.028102
8	611.850182
172	612.919197
216	616.082146
215	628.651257
163	628.671628
16	644.923165
15	661.66633
240	661.757246
154	670.264705
72	688.42667
113	708.136354
242	793.861823
4	795.179057
26	820.636611
25	986.174015
0	1101.342842
