# Hellas basin 
# Below are all pit-length measurements made in the putative ancient dune field of Hellas basin. 
# Lengths were measured using the aeolian dune convention as described in the journal publication (see README file) 
# Lengths were additionally used to calculate an interpreted migration direction (column 3)

# For more information contact Mackenzie Day at daym@uw.edu or see: 
# Day, M., and Catling, C., 2018, Dune casts preserved by partial burial: the first identification of “ghost dune” pits on Mars: J. Geophys. Res. Planets. Special issue. 


# FID	Length (m)	Migration (deg) 
49	444.075461	155.7255583
206	105.978155	156.8014088
238	135.636331	159.4439563
47	436.779797	160.9065077
56	308.747942	162.0308605
225	259.108531	162.8972691
123	248.993658	163.0091774
10	654.184938	163.8556616
160	322.559091	164.5387832
226	201.806561	167.2756465
8	353.50981	169.215703
290	469.77608	170.2724213
48	241.410121	170.5376774
305	241.410121	170.5376778
199	450.702641	171.1193418
27	556.809179	171.2538374
46	369.329125	171.3474584
234	416.473826	172.3331958
294	200.194019	172.4053553
215	192.186258	172.4053568
70	432.212135	172.6139557
62	504.079131	172.7630788
296	266.642912	172.8749821
233	391.843251	173.0189432
137	273.207662	173.0470411
110	319.778469	173.1572276
228	233.017883	173.4801973
201	490.216866	173.4801987
37	239.590878	173.6598072
232	439.153422	173.7741704
58	295.399322	173.8298254
75	223.522477	173.884496
202	265.857423	173.9909933
247	379.11507	173.990994
106	363.950467	173.9909949
140	199.427618	174.2894066
195	279.70037	174.2894083
51	486.525048	174.3824189
244	405.43754	174.3824193
129	338.961772	174.4006612
60	334.884162	174.5596686
270	340.152372	174.6441755
203	600.954756	174.6854538
152	358.716103	174.7099177
212	357.015311	174.8978353
31	366.503568	175.0302583
293	159.30058	175.2363559
9	398.251451	175.2363587
13	398.251451	175.2363587
125	384.557876	176.0548132
119	480.697346	176.0548141
239	298.317572	176.1859252
24	248.597976	176.1859255
29	238.654057	176.1859255
283	190.794137	176.8201712
242	370.948557	176.9335145
34	251.702565	176.9872132
300	251.702565	176.9872132
191	543.42208	177.0643263
245	390.765375	177.0891621
26	347.659823	177.2736892
301	291.342757	177.3974384
288	233.074206	177.3974389
219	286.032655	177.4551948
122	152.279449	177.5104495
292	317.776124	177.6140566
224	330.444801	177.7974028
20	463.31696	177.9545905
127	569.201312	178.0021201
36	205.159153	178.1523887
5	545.954712	178.2642956
109	209.646609	178.2642962
217	222.34114	178.3634237
223	235.036265	178.451843
35	258.054055	178.5311985
155	264.666532	178.5679031
59	365.211997	178.7546367
121	317.56953	178.8065117
118	323.912897	178.8766978
84	350.636014	178.9190753
66	484.253526	179.0608098
295	152.135721	180
285	158.750318	180
306	158.750318	180
307	198.437897	180
207	208.734203	180
82	211.66709	180
230	214.312929	180
12	231.51088	180
189	231.51088	180
269	232.833799	180
43	238.125476	180
257	243.417154	180
81	257.969266	180
142	257.969266	180
74	261.938024	180
284	275.167217	180
205	278.31227	180
299	291.042249	180
33	291.042249	180
120	297.656845	180
200	306.143498	180
71	317.500635	180
287	317.500635	180
291	317.500635	180
63	317.500635	180
222	323.850648	180
273	328.08399	180
150	383.646601	180
44	396.875794	180
235	412.750826	180
186	429.948777	180
4	444.500889	180
22	578.777199	180
107	412.799669	180.8814036
143	383.703619	180.9877594
241	383.703619	180.9877609
50	357.276398	181.2730291
108	260.427948	181.3971804
76	317.599838	181.4320969
61	587.590663	181.5481575
249	443.375376	181.7098149
192	431.608406	181.8476098
246	410.318305	181.8476098
198	403.792645	181.9749349
54	222.392141	182.045407
216	355.827425	182.0454076
91	364.043262	182.0825647
103	349.481532	182.0825661
53	214.459869	182.1210948
276	264.795445	182.2906091
21	397.220155	182.3859438
17	397.220155	182.3859439
221	298.720688	182.4366472
170	291.342757	182.6025616
78	349.611309	182.6025619
15	711.837854	182.6630005
135	278.127858	182.7263103
187	271.520931	182.7927017
254	254.31781	182.862404
304	264.914386	182.8624067
64	309.969904	182.9356731
259	201.362052	183.0127891
167	245.097358	183.0940574
231	278.266258	183.2704876
65	556.532517	183.2704886
158	225.285041	183.3664599
243	225.285041	183.3664599
271	360.456066	183.3664609
130	331.324607	183.4336304
280	169.664079	183.5763329
69	381.744179	183.5763333
104	305.395343	183.5763347
87	410.957597	183.6913851
250	304.917835	183.7313971
251	298.317572	183.8140748
266	159.102705	183.8140768
177	192.278938	183.9451853
115	184.587781	183.9451876
52	222.816689	184.085619
124	265.326961	184.2891534
144	603.706513	184.3987048
136	258.731363	184.3987055
204	362.874805	184.3987057
42	252.13676	184.5139885
112	235.721504	184.6354639
117	611.714228	184.7636415
248	557.552031	184.7636421
128	219.181821	185.1944289
39	292.242428	185.1944296
102	478.320792	185.3321589
213	338.045	185.3893129
14	348.837668	185.4403316
149	398.855236	185.7105933
114	248.949654	185.8560135
96	259.322557	185.8560145
131	319.218539	185.9468625
98	252.74338	186.0090045
23	299.488597	186.3401913
105	402.512674	186.3401919
95	412.710542	186.4415992
86	292.915368	186.4830731
255	276.992895	186.5819439
89	173.120559	186.5819448
83	452.894621	186.7098364
175	333.102572	186.8427735
172	386.430596	186.8817228
151	433.192954	187.0165014
7	266.642912	187.1250158
267	170.651464	187.1250168
263	255.977195	187.1250177
156	240.411241	187.9071646
298	467.722608	188.1301017
261	299.342469	188.1301026
77	505.140417	188.1301032
30	336.760278	188.1301033
134	568.287781	188.3658854
55	321.052648	188.5307663
40	307.774271	188.6525408
184	388.23794	188.8203797
41	341.469538	188.9149264
227	254.468611	188.9726267
168	254.468611	188.9726271
157	294.702362	189.0394816
32	401.923701	189.090276
268	267.949134	189.0902774
132	415.40509	189.1623476
38	241.410121	189.4623222
169	281.645141	189.4623232
264	193.128097	189.4623242
133	395.827097	189.6197284
72	330.14723	189.6887864
240	429.541532	189.7524247
161	194.65354	189.7824062
116	219.23643	190.0079783
28	548.091075	190.0079797
302	228.371281	190.0079801
94	302.323969	190.0805977
57	403.253931	190.2039732
111	277.735938	190.5391836
265	172.284529	190.6196543
6	353.50981	190.7842985
258	226.246278	190.7842986
229	379.841444	190.8403052
178	276.312846	191.0409396
190	337.279569	191.3099315
197	354.779924	191.3099331
138	337.279569	191.3099331
260	269.823656	191.3099341
145	452.749687	191.802434
176	290.590904	191.8214867
79	419.023076	191.8420767
209	300.474556	192.2004692
159	250.395463	192.2004705
286	249.10258	192.2647751
252	182.950701	192.5288077
45	292.721122	192.5288079
93	271.198459	192.6803838
139	210.215167	192.7243564
164	203.768227	193.1340211
211	309.969904	193.3245309
253	142.789515	193.3924965
19	425.151876	193.495732
220	320.345396	193.7607844
68	400.431745	193.760785
0	850.907625	194.0362433
297	436.362885	194.0362441
182	457.221278	194.2372803
174	478.08481	194.4207733
141	450.812781	194.4440356
312	368.997272	194.534455
25	393.067914	194.6208743
147	417.139346	194.6973186
311	259.912406	194.7435637
214	289.605137	195.2551182
185	150.836009	195.2551194
256	318.38136	195.422162
188	364.343603	195.8025141
279	154.095968	195.9453933
153	192.619959	195.9453955
3	462.287903	195.9453966
126	240.774949	195.9453969
163	261.673975	196.1443383
165	282.575689	196.3138526
180	393.44341	196.6069805
1	331.480395	196.6992444
308	276.233662	196.6992446
100	414.350493	196.6992446
80	573.375268	196.7625542
73	439.440263	196.7983713
171	387.109339	196.8867912
148	248.993658	196.9908226
92	332.64253	197.3540246
179	665.285061	197.3540249
166	284.504556	197.5924254
16	381.77455	197.6501243
101	347.25057	197.7446707
67	466.898691	197.8188894
113	267.078243	198.0041604
289	234.272539	198.434948
85	313.757864	198.4349488
275	133.870022	198.4349502
218	516.072842	198.6578884
162	349.323351	198.7780329
173	343.067439	199.133643
313	280.321577	199.2900454
99	380.899692	200.3231369
237	246.190983	200.7722559
183	297.289141	200.8544593
310	184.261338	201.0375124
154	326.736968	201.3706221
2	392.084361	201.3706229
146	305.849103	201.5713071
194	255.835442	202.3801341
282	137.583609	202.619863
236	224.085506	202.9320996
277	298.780675	202.9321003
314	201.501066	203.1985913
88	296.183288	203.702647
11	362.67357	204.2277463
309	159.848949	204.4439536
281	246.162547	205.4633466
210	379.841444	206.0295919
90	295.813751	206.565052
272	236.651001	206.5650523
315	224.896283	208.0724866
181	384.842208	208.7676492
262	314.131362	212.619243
18	536.608509	213.6900669
97	352.254439	214.2868773
303	396.875794	216.8698976
208	228.233031	217.5685903
193	386.894099	217.6942403
196	723.745695	217.9716033
274	262.031547	223.3634221
278	194.572605	224.9999979
