# Herschel crater modeled pits

# Below are all pit-length and migration direction measurements made in the synthetic pits modeled from modern dunes of Herschel crater. 

# For more information contact Mackenzie Day at daym@uw.edu or see: 
# Day, M., and Catling, C., 2018, Dune casts preserved by partial burial: the first identification of “ghost dune” pits on Mars: J. Geophys. Res. Planets. Special issue. 


#FID	Length (m) Migration (deg)
0	178.594107	180
1	154.984952	177.064325
2	214.643404	176.8201682
3	226.358414	177.9904477
4	206.528001	177.7974035
5	182.605999	181.2453649
6	230.222171	179.0122391
7	273.873055	179.1696841
8	186.70043	177.5633536
9	154.984952	182.9356713
10	147.058415	176.9059403
11	238.125476	180
12	223.522477	173.8844958
13	159.196177	184.2891519
14	182.605999	178.7546351
15	159.196177	175.710848
16	139.415863	175.1009091
17	130.969012	180
18	214.349673	178.9390878
19	198.794764	176.5663679
20	343.612853	173.3674853
21	171.806426	173.3674853
22	146.844044	180
23	198.437897	180
24	127.062251	178.2100885
25	170.702733	181.3322205
26	258.24388	177.3574556
27	186.911224	176.3477784
28	216.106067	187.3860443
29	214.643404	176.8201709
30	226.497541	168.8869588
31	273.873055	179.1696841
32	182.950701	176.2686042
33	199.427618	174.2894067
34	112.883086	169.8753282
35	129.213397	169.3803437
36	67.934193	173.2901597
37	83.72104	174.559672
38	107.229935	182.1210975
39	85.673709	166.6075021
40	55.562611	180
41	67.468885	180
42	174.805654	177.3974364
43	63.500127	180
44	206.528001	182.2025965
45	163.924597	173.0470424
46	99.298292	182.2906112
47	123.031496	180
48	230.222171	180.9877609
49	194.631062	177.6626929
50	238.654057	176.1859256
51	432.885802	177.8983446
52	119.128866	178.0908466
53	170.841085	177.3370012
54	309.588559	179.2654804
55	186.911224	176.3477784
56	119.327029	176.185928
57	76.340583	171.0273762
58	71.877263	173.6598129
59	131.029131	178.2642945
60	162.912558	177.2072962
