# Herschel crater

# Below are all dune-length and migration direction measurements made in the modern dunes of Herschel crater. 

# For more information contact Mackenzie Day at daym@uw.edu or see: 
# Day, M., and Catling, C., 2018, Dune casts preserved by partial burial: the first identification of “ghost dune” pits on Mars: J. Geophys. Res. Planets. Special issue. 


# FID	Length (m)	Migration (deg) 
0	169.545207	177.137596
1	213.878047	178.2986461
2	220.14395	179.4490963
3	154.516976	180
4	286.032655	177.4551967
5	127.158905	177.137596
6	165.154595	181.4688036
7	241.448975	177.990447
8	225.174391	175.1469031
9	172.08938	175.0607832
10	169.346901	179.2838404
11	167.337528	182.1747466
12	235.369616	168.5890168
13	472.700526	176.91979
14	397.956646	179.3904922
15	224.526807	177.8389214
16	294.339053	178.3516562
17	330.539696	173.0115098
18	162.596686	175.3331427
19	215.076127	181.7623919
20	231.534502	180.8184559
21	245.231205	169.9024974
22	165.893238	175.4260764
23	185.238231	181.0230307
24	255.712125	174.8055706
25	182.651518	174.8055684
26	284.427652	180
27	139.26043	175.9143811
28	278.776015	175.2363579
29	221.613665	179.1449022
30	245.543233	175.3645365
31	274.824348	177.2408909
32	256.800584	172.6004037
33	185.238231	178.9769693
34	267.97281	181.4144239
35	264.583863	180
36	292.560398	174.1605086
37	251.376427	179.2461513
38	319.218539	174.0531374
39	205.718207	175.3893511
40	168.80186	177.7542563
41	165.497153	177.7093888
42	225.285041	176.6335401
43	334.037126	180
44	232.359771	175.1009075
45	119.108664	181.5911411
46	182.651518	174.8055684
47	145.558702	178.6980506
48	119.062738	180
49	181.931469	178.9583728
50	119.246335	176.8201682
51	195.578532	176.1214764
52	166.551286	173.1572265
53	170.253599	172.1847058
54	188.632012	177.9904451
55	179.083407	175.7636062
56	227.315112	171.6341146
57	142.367571	182.6629981
58	135.760465	177.2072962
59	168.704634	178.8766967
60	230.136635	172.5685907
61	185.680574	175.9143842
62	158.750318	180
63	275.777912	174.4945214
64	165.364914	180
65	237.135824	171.9829076
66	212.929401	173.7580851
67	139.88738	173.211026
68	220.301817	172.2348326
69	122.771616	175.3645388
70	215.381056	176.4785475
71	311.746855	175.7411535
72	215.381056	176.4785448
73	205.478798	176.3086149
74	244.762418	179.2257794
75	238.125476	180
76	198.54811	178.0908466
77	271.379896	177.9047463
78	179.083407	175.7636062
79	248.399899	176.9471182
80	248.24573	177.7093911
81	307.738729	178.1523906
82	238.217328	181.5911387
83	234.841468	179.1930726
84	318.120149	176.4236656
85	221.687688	178.2901877
86	205.052493	180
87	267.911575	180.7073197
88	320.961328	178.2285311
89	367.244164	178.4518431
90	224.896283	180
91	198.878381	176.1859261
92	350.636014	181.0809247
93	420.144053	178.6468073
94	324.267062	178.2465942
95	168.704634	178.8766967
96	417.558687	183.6329513
97	314.210743	179.3969085
98	238.217328	178.4088589
99	195.130599	180
100	300.982315	180.6295989
101	307.863107	177.5371839
102	363.938084	181.5622257
103	264.666532	178.5679031
104	248.047371	180
105	297.730332	178.7269693
106	106.297616	185.3558224
107	128.984633	180
108	238.56971	176.5029384
109	329.53705	181.6102997
