#Herschel crater 

# Below are all dune-width measurements for the modern dunes in Herschel crater. 

# For more information contact Mackenzie Day at daym@uw.edu or see: 
# Day, M., and Catling, C., 2018, Dune casts preserved by partial burial: the first identification of “ghost dune” pits on Mars: J. Geophys. Res. Planets. Special issue.


#FID	Width (m) 
0	137.685334
1	111.251143
2	227.234258
3	116.055543
4	154.095968
5	232.111085
6	220.288908
7	142.48277
8	169.416334
9	226.060551
10	163.014582
11	113.123139
12	269.823656
13	217.538786
14	211.733226
15	284.473797
16	196.434586
17	206.443244
18	142.973246
19	275.62477
20	213.31433
21	127.000254
22	239.064368
23	301.021562
24	153.45864
25	257.504129
26	195.792058
27	105.965754
28	174.625349
29	212.985901
30	195.147415
31	206.646603
32	264.583863
33	248.765119
34	96.564048
35	163.014582
36	170.076186
37	153.45864
38	222.250445
39	190.794137
40	206.98509
41	291.810932
42	260.638607
43	195.863554
44	233.074206
45	121.708577
46	229.075235
47	159.542095
48	164.808351
49	264.636774
50	181.157848
51	156.708713
52	212.722793
53	234.332294
54	317.897263
55	206.443244
56	137.685334
57	222.250445
58	159.102705
59	139.202295
60	132.291931
61	175.345457
62	227.603645
63	235.761889
64	328.126662
65	254.496119
66	331.395909
67	205.491574
68	121.708577
69	214.8838
70	169.664079
71	309.37084
72	190.500381
73	232.833799
74	261.924661
75	410.232991
76	217.538786
77	185.812483
78	227.972433
79	291.474883
80	245.479077
81	150.510781
82	222.250445
83	139.202295
84	248.032378
85	340.152372
86	206.375413
87	190.500381
88	206.375413
89	282.250346
90	219.269636
91	180.616038
92	356.47214
93	349.411016
94	269.823656
95	201.709408
96	222.502286
97	171.388269
98	170.815473
99	222.565202
100	211.799341
101	177.488251
102	301.672018
103	116.537103
104	127.440464
105	352.284247
106	304.581882
107	119.062738
108	200.194019
109	186.836302
