

#FID	Width (m)
32	52.779384
16	61.577098
11	62.338893
310	99.137919
17	70.037949
24	72.546039
15	73.158981
234	108.819058
160	117.960106
318	112.721295
232	129.525417
236	104.008952
120	82.959519
314	96.056125
0	83.486515
112	84.506675
305	97.581169
320	144.11563
29	85.104204
18	85.20545
19	85.20545
104	85.821749
12	86.438669
13	86.438669
324	123.128826
255	90.177036
253	143.207721
323	86.674127
23	89.22084
8	89.340955
317	79.689574
256	100.809125
92	91.007316
240	143.207721
203	201.783506
218	140.405538
30	92.39944
309	67.206083
1	93.766796
62	94.883455
113	95.070044
174	251.05551
304	84.720641
331	100.809125
315	128.870494
49	96.202203
286	129.258386
138	96.965481
306	102.984651
78	97.825642
272	171.076704
196	208.082513
246	128.732624
10	99.078596
311	128.683003
76	99.155119
220	102.848587
171	184.231871
302	123.128826
213	158.933842
99	100.154758
334	164.860958
110	100.712327
257	120.08553
332	126.280759
26	101.024607
260	138.72694
31	101.856943
285	96.930765
221	107.581801
307	142.628057
264	181.607314
237	151.536911
84	104.68815
269	179.009651
68	106.164095
326	135.868947
119	106.252765
313	82.959519
231	79.960863
223	115.160245
93	106.614484
329	119.339768
85	106.743887
300	152.449408
222	106.506812
278	177.511353
25	108.392064
227	126.760012
20	108.71167
3	108.806141
73	108.819058
235	80.6473
111	110.697364
41	110.82376
118	110.82376
77	111.365313
100	111.743551
115	111.829783
14	111.988841
124	112.01519
216	175.515076
319	84.720641
226	108.572546
243	118.604318
48	113.607266
9	113.708212
262	137.141094
295	145.111654
4	114.954514
267	174.00194
282	118.16883
224	163.302606
248	139.787228
139	115.683185
123	115.902195
58	116.089324
117	116.089324
211	158.268515
121	116.912647
5	116.977772
161	189.142109
283	137.237969
244	154.644593
69	118.869604
81	118.869604
330	95.599588
266	115.025105
258	131.965115
91	120.236048
75	120.252754
230	106.478165
114	121.23997
107	121.355386
33	121.355386
103	122.27479
322	89.014695
250	140.154279
153	328.027443
293	267.596429
325	106.252765
303	95.542368
206	146.762368
239	92.303511
140	123.453183
72	123.581581
87	124.093164
275	238.112462
134	125.366171
2	125.992555
333	100.210628
209	190.269164
116	126.621884
228	157.42039
90	126.771831
101	126.953139
64	127.503318
21	128.213022
34	128.269604
312	106.380255
247	115.325458
316	89.931499
287	196.558827
198	198.310238
233	77.692755
173	95.141606
22	130.908847
70	131.059978
43	131.888766
195	98.836932
259	101.383377
39	132.206825
170	99.565611
55	132.73523
80	133.389589
88	133.471482
98	133.471482
6	134.47452
122	135.102048
126	135.177836
328	106.714972
327	135.723357
61	136.889058
65	137.053879
263	103.501744
57	137.155988
284	102.612269
242	113.229381
42	137.970141
38	137.970141
169	132.284022
271	97.896776
261	114.382373
79	139.787228
249	122.622033
251	162.122458
219	99.155119
56	140.683124
53	141.970886
89	142.325182
66	142.423512
308	93.191486
105	142.718095
95	143.207721
241	137.574543
254	88.413265
200	189.76691
45	144.003429
63	144.064449
321	122.282053
296	233.310085
292	123.128826
141	146.03317
207	183.412185
71	147.137487
97	147.596485
44	147.691306
96	148.447689
146	383.534548
106	149.106377
40	149.94901
205	123.134722
102	150.972508
238	123.134722
27	151.778109
301	100.071275
86	153.550221
127	153.767277
7	154.309255
183	179.303001
245	98.916575
229	120.97095
159	78.397472
212	100.103612
165	190.429708
214	194.733995
298	191.850068
82	162.122458
252	88.413265
182	154.316478
225	113.229381
108	163.410394
129	163.574077
36	163.752723
60	168.764672
28	168.985839
67	169.01335
83	169.05403
273	366.032547
290	258.151
133	172.452479
156	207.18068
52	173.953
59	173.953
268	104.769923
94	174.675815
217	92.305226
279	203.314281
47	177.852785
194	131.948461
270	138.625623
109	179.224304
184	233.166923
189	249.474012
265	119.503357
281	115.144919
51	181.822932
145	148.655753
208	126.383101
172	129.756116
202	92.305226
168	138.414609
162	191.971968
201	186.194463
187	212.76051
210	116.3553
166	246.142696
158	158.077016
299	107.352532
163	270.355672
136	193.714469
215	112.461757
35	195.109978
288	210.562701
199	143.701767
178	221.175198
137	199.548524
135	200.53218
50	200.937542
204	150.441661
280	181.810277
74	206.299027
157	190.943628
197	129.487925
277	107.937847
128	210.110409
289	171.414312
46	211.117537
54	211.791849
181	162.195145
188	180.080561
180	212.76051
125	213.712477
191	264.889737
152	123.071348
179	213.013624
177	198.323601
148	293.827827
185	274.475939
297	159.462438
151	217.466615
130	236.252291
276	208.446278
37	241.941899
167	188.439032
190	217.390316
175	252.491386
176	227.083425
291	145.912394
155	172.700555
192	277.375065
294	114.382373
164	158.620671
144	182.168605
186	189.804133
132	275.295283
143	276.029563
193	178.02939
149	368.692198
131	298.751383
154	262.496241
274	125.067767
150	235.192417
147	231.366371
142	396.417409
335	79.345712
336	184.859284
337	104.769923
338	238.79988
339	105.502728
340	160.337005
341	93.718131
342	115.097288
343	133.4807
344	176.629632
345	109.547115
346	89.651501
347	102.185027
348	59.669884
349	82.629266
350	72.480417
351	135.077141
352	102.185027
353	102.131496
354	98.892246
355	154.98573
356	105.633343
357	84.007604
358	88.731804
359	109.970929
360	92.484627
361	99.058004
362	126.280759
363	82.959519
364	159.379148
365	146.014591
366	115.011103
367	102.848587
368	107.688504
369	125.688387
370	146.548162
371	106.164095
372	145.096359
373	85.20545
374	168.943617
375	164.053882
376	168.353856
377	115.26735
378	115.26735
379	129.33936
380	193.942148
381	168.972295
382	346.234459
383	107.038572
384	138.116746
385	140.154279
386	132.589834
387	110.185435
388	112.56099
389	98.866583
390	128.823038
391	155.110063
392	139.082634
393	104.68815
394	105.512343
395	168.943617
396	184.610452
397	96.31322
398	193.872231
399	138.116746
400	129.525417
401	124.849508
402	122.780129
403	193.872231
404	102.666793
405	146.738463
406	126.603274
407	133.389589
408	84.720641
409	76.421744
410	70.439179
411	92.247803
412	75.847116
413	95.599588
414	95.542368
415	62.596724
416	69.185852
417	82.430479
418	72.555827
419	79.138678
420	85.722493
421	96.056125
422	75.847116
423	79.069546
424	56.396805
425	72.480417
426	84.007604
427	118.604318
428	139.787228
429	131.782576
430	118.650418
431	85.722493
432	63.979259
433	76.06311
434	90.682548
435	69.26485
436	128.683003
437	135.11762
438	86.231338
439	133.800493
440	86.674127
441	117.610645
442	112.453714
443	113.855378
444	72.555827
445	75.847116
446	102.612269
447	92.247803
448	79.069546
449	82.959519
450	102.233798
451	135.11762
452	69.185852
453	84.720641
454	99.333651
455	98.892246
456	136.085505
457	95.771044
458	224.274969
459	96.96275
460	85.913663
461	131.254887
462	73.877296
463	164.569312
464	95.078873
465	65.217095
466	165.278153
467	113.88248
468	86.370184
469	173.876321
470	152.785414
471	112.063999
472	118.650418
473	148.587005
474	85.913663
475	118.650418
476	69.26485
477	79.138678
478	133.442502
479	103.31754
