#Noctis Labyrinthus
# Below are all pit-length measurements made in the putative ancient dune field of Noctis Labyrinthus. 
# Lengths were measured using the aeolian dune convention as described in the journal publication (see README file) 
# Lengths were additionally used to calculate an interpreted migration direction (column 3)

# For more information contact Mackenzie Day at daym@uw.edu or see: 
# Day, M., and Catling, C., 2018, Dune casts preserved by partial burial: the first identification of “ghost dune” pits on Mars: J. Geophys. Res. Planets. Special issue. 


#FID	Length (m)	Migration (deg) 
0	  189.225873	175.0058636
1	  211.760081	178.2168958
2	  175.557344	183.2274006
3	  150.128781	187.5660802
4	  226.065542	185.8551828
5	  162.351437	183.4902315
6	  205.703879	184.5931791
7	  192.266809	176.0697785
8	  215.191789	182.6325029
9	  168.953947	176.6463215
10	228.573496	183.3051847
11	95.428748	193.9849309
12	178.931464	196.0327393
13	281.126979	179.3285266
14	144.065268	189.2115363
15	103.550462	196.639218
16	232.808056	191.4270352
17	193.196047	186.8557861
18	168.664604	180
19	91.454874	192.482631
20	176.390032	186.4344463
21	287.307689	202.946961
22	236.623174	195.3397306
23	142.753978	193.3433597
24	153.018115	186.1800242
25	147.882228	190.2664708
26	131.966889	201.9919473
27	121.270402	190.9626851
28	160.385008	194.2704469
29	172.475942	184.3820297
30	66.504517	153.522226
31	143.15831	186.6074987
32	188.486926	195.1997598
33	133.754723	188.49878
34	199.0867	191.4539727
35	196.120538	185.7847817
36	206.336099	186.4172925
37	270.844097	199.9130533
38	152.271489	182.4800917
39	139.52401	185.4197503
40	109.13592	180
41	149.404042	185.0603799
42	182.012508	182.0746478
43	241.444363	180.7818374
44	130.026492	187.2782567
45	168.953947	183.3536785
46	135.568296	192.6336827
47	129.147014	182.9245223
48	155.436008	180
49	212.297596	175.5497719
50	102.655626	165.1228747
51	137.540343	170.3473876
52	205.703879	175.4068209
53	185.317528	182.037632
54	155.920935	201.0513881
55	123.468331	187.6671141
56	142.359982	182.6528822
57	195.371961	182.8997792
58	175.773605	175.7003338
59	119.102943	181.5850913
60	138.939329	178.6412625
61	168.607543	191.2679966
62	178.786171	199.3715791
63	239.951636	191.8852195
64	175.278902	180
65	205.703879	184.5931791
66	69.528231	177.2840515
67	241.617745	196.6392172
68	201.978067	177.1951383
69	149.149551	183.7996063
70	129.356956	184.3820353
71	134.28116	189.8892199
72	214.737673	189.7160231
73	56.48612	200.4843349
74	174.585047	161.2884394
75	224.523053	189.2887326
76	145.729226	176.8897286
77	211.919942	177.1484707
78	85.031444	174.664434
79	105.828771	180
80	68.990377	184.3820381
81	86.127267	190.5801588
82	294.870593	189.2585569
83	317.623668	192.9468391
84	111.401171	184.0701198
85	185.369063	182.4447064
86	256.972901	177.0604292
87	261.953528	196.3630443
88	231.802645	196.5143806
89	106.646122	187.0981819
90	71.483027	182.1130311
91	95.827589	186.3162631
92	117.402012	194.2969726
93	228.080745	183.9757755
94	167.574861	191.7982789
95	262.396837	194.543391
96	191.851279	195.130705
97	153.567559	190.8822319
98	212.548295	196.5711459
99	103.720243	185.8338858
100	145.538428	181.0376632
101	166.807416	194.6437982
102	140.841011	174.6310792
103	208.5895	192.4040908
104	84.82696	183.5627584
105	146.863005	203.2546971
106	203.232311	198.1344509
107	150.047152	189.0960139
108	214.319469	180.7046277
109	220.872162	186.1652471
110	227.121147	194.791441
111	120.103025	187.5660793
112	109.061426	193.9849338
113	120.631633	195.1997595
114	209.639009	190.1375942
115	168.731582	193.5506992
116	145.689815	195.7453707
117	160.64223	200.1541006
118	104.615071	200.6533586
119	205.311252	194.8771226
120	127.209439	200.623339
121	193.744324	194.1740133
122	192.520682	184.9084549
123	129.147014	182.9245223
124	96.133404	183.9302215
125	59.619782	176.8322496
126	142.245569	178.6728456
127	205.069711	179.0794715
128	89.001053	201.7261856
129	93.12615	186.0924056
130	89.934626	197.0414282
131	152.128859	180
132	76.703877	187.4034411
133	96.133404	183.9302215
134	123.950896	189.1765749
135	145.663667	182.5926727
136	153.407755	187.4034411
137	70.689371	190.7442192
138	118.713011	192.8276343
139	112.87662	185.0233597
140	99.214473	180
141	185.20035	180
142	171.852158	191.0525514
143	181.030838	189.4269629
144	169.178649	184.4676074
145	202.329051	191.2679972
146	258.294029	182.9245223
147	119.784487	173.6837381
148	119.102943	181.5850913
149	226.832454	172.4889164
150	76.703877	187.4034412
151	171.852158	191.0525481
152	135.568296	192.6336827
153	226.184311	195.1997588
154	161.00265	199.111329
155	221.67674	197.2919321
156	195.493016	198.6749761
157	152.839126	201.4967216
158	191.519346	201.176818
159	146.348646	205.3231629
160	118.138887	197.8640429
161	155.805377	197.2196321
162	179.905805	200.3614681
163	176.809043	200.7343587
164	167.567009	201.9354833
165	182.303129	202.3033308
166	158.889169	191.9670933
167	165.218653	199.8153986
168	106.801264	201.7261915
169	94.639153	204.6921324
170	120.323713	200.851737
171	130.057138	207.1273665
172	130.484805	188.7133938
173	168.333718	199.433806
174	140.614314	203.4723539
175	131.573202	205.193481
176	97.653688	203.8815191
177	173.379872	210.8674714
178	215.370365	197.8149715
179	174.507308	204.5409297
180	152.42479	192.4826274
181	106.801264	201.7261867
182	165.609421	208.5187261
183	135.568296	192.6336827
184	143.653844	202.9469592
185	183.65002	193.4862311
186	244.788245	196.4175633
187	184.162824	200.9644253
188	160.201896	201.7261883
189	181.245987	194.7429126
190	232.036051	206.1136807
191	154.862046	196.0552682
192	203.910621	199.8339263
193	276.134566	196.6392166
194	443.695694	195.9462431
195	291.694721	197.7553486
196	253.053425	199.7855352
197	285.641873	209.7329165
198	175.755323	196.3305035
199	134.886034	191.2679957
200	152.449589	183.7172366
201	141.958729	204.6921285
202	156.731011	204.8604775
203	310.749402	203.7580893
204	249.202949	201.7261895
205	193.845538	209.5299775
206	190.95691	203.3793572
207	187.700813	206.0276788
208	233.504905	206.8395769
209	220.483636	209.5445843
210	153.240765	217.0118019
211	170.093351	208.961962
212	167.122326	204.4553059
213	192.733984	202.0901241
214	294.310275	204.4679982
215	174.507308	204.5409297
216	128.58835	205.8207593
217	243.740816	200.5750173
218	181.892649	204.6195978
219	214.915216	194.1980036
220	184.009631	197.7204578
221	193.311741	192.8004298
222	310.749402	203.7580877
223	189.278306	204.6921295
224	233.132279	198.1133697
225	303.032229	207.8718607
226	203.000902	196.0155529
227	210.072054	204.0641064
228	236.597882	204.6921278
229	278.092995	197.9400479
230	225.944481	200.48433
231	250.006039	204.1116545
232	197.615342	197.4629395
233	234.202563	193.0072604
234	243.18884	191.72475
235	215.318168	190.5801577
236	153.407755	187.4034411
237	196.479946	186.7406646
238	213.292244	187.0981792
239	155.805377	197.2196321
240	146.752515	194.2969717
241	178.786171	199.371579
242	149.197529	192.7571416
243	180.862198	198.0393422
244	173.236102	193.1919031
245	225.680307	190.9398735
246	152.353644	204.25916
247	148.566303	200.781891
248	132.940749	185.6890065
249	238.479126	183.1677528
250	168.696778	181.1190312
251	168.696778	181.1190278
252	153.866966	188.6201151
253	265.89748	190.7110054
254	252.607699	194.3474903
255	117.170215	196.330505
256	219.537169	198.369515
257	190.320748	197.1143683
258	373.804423	201.7261888
259	211.683182	180.8917667
260	129.020885	181.4632164
261	122.408861	178.457728
262	139.251464	184.0701249
263	92.834309	184.0701229
264	199.111528	184.745597
265	185.229651	178.9808633
266	125.714843	181.5017001
267	116.497981	186.4952055
268	234.90002	181.6074025
269	99.269158	181.9018961
270	102.574544	181.8405875
271	311.208801	202.4023627
272	256.811476	191.8446983
273	132.654678	184.2728953
274	185.317528	182.037629
275	112.635965	183.3536802
276	210.914478	166.4492988
277	125.671666	180
278	182.161532	183.1102753
279	86.048969	177.8057781
280	99.705562	174.3109964
281	254.991243	177.0375641
282	148.967506	177.4648663
283	187.066393	171.9004224
284	239.568974	173.6837405
285	142.245569	181.3271544
286	125.671666	180
287	148.82171	180
288	195.121797	180
289	162.885406	185.804322
290	149.730609	186.31626
291	221.970528	183.4036183
292	135.593113	180
293	145.551852	178.7030017
294	126.059728	184.4968805
295	188.766429	183.001346
296	102.733148	183.6773784
297	175.402709	177.8471359
298	143.57471	187.9136296
299	283.390159	191.39865
300	228.21707	180.8271552
301	139.056462	182.7159526
302	102.574544	181.8405875
303	151.137577	190.0430186
304	116.171427	184.8805386
305	145.514561	180
306	109.582556	174.8252316
307	205.703879	184.5931818
308	180.52048	188.3953612
309	138.939329	181.3587416
310	218.495501	182.592674
311	171.251088	189.9706621
312	118.02528	191.2679975
313	145.973845	193.0437833
314	102.996944	185.506634
315	168.793262	182.2372059
316	188.622623	182.0019104
317	181.543493	211.5100848
318	151.632876	185.9863066
319	170.882022	201.7261891
320	299.744503	207.4924778
321	204.165937	203.994241
322	298.516053	210.2161264
323	213.334655	215.063653
324	160.64223	200.1541006
325	278.288541	215.6239111
326	200.546791	204.4553058
327	475.283509	206.6910755
328	322.975497	204.5940933
329	331.645973	206.1720886
330	291.147768	204.0396113
331	267.860312	205.3422704
332	258.93764	207.2608345
333	157.887842	205.1934811
334	300.529444	202.4263914
335	177.592858	203.6223447
336	294.859069	199.5847355
337	298.045867	205.1170658
338	227.003582	206.9243739
339	255.412654	205.6839046
340	201.08041	201.9354848
341	306.910708	205.1563762
342	223.1845	213.3074974
343	236.396054	214.6536686
344	253.793651	208.8751933
345	126.86806	218.5532968
346	173.654245	224.8907773
347	283.863517	208.263759
348	181.543493	211.5100848
349	377.122665	202.1725755
350	198.369852	196.2015836
351	179.951354	193.9849314
352	184.780127	194.8771235
353	162.046893	201.4664766
354	207.016874	192.1265154
355	148.103849	200.3052404
356	408.980349	193.9849311
357	320.450913	187.7996519
358	205.501306	189.9706633
359	188.618426	194.567609
360	140.604258	196.3305051
361	345.963606	205.0124488
362	232.399264	205.1689815
363	221.885148	204.1926787
364	199.263801	192.6059512
365	225.511041	203.7794672
366	164.592277	195.3204942
367	144.82467	189.4269652
368	226.455364	191.0717989
369	154.946694	193.2756276
370	185.721666	199.9130501
371	259.949831	192.2935634
372	165.680739	196.6392153
373	103.001849	195.5856206
374	243.601083	196.0155506
375	128.067998	196.130813
376	164.592277	195.3204942
377	154.311197	197.9051358
378	175.168614	193.0437834
379	163.381387	218.986992
380	126.100169	192.6775031
381	122.430258	204.8214388
382	125.449811	198.3695187
383	130.486058	199.4679126
384	321.631983	210.2629405
385	264.2791	205.7105406
386	218.136594	206.9425297
387	156.922607	200.6533588
388	144.82467	189.4269613
389	141.630336	191.2679976
390	243.598223	192.1799928
391	140.604258	196.3305051
392	195.392808	192.859928
393	135.855213	186.6845357
394	228.424782	200.252095
395	198.942671	203.4187921
396	141.766664	197.864042
397	163.084754	198.3695174
398	174.318885	191.7777643
399	90.473724	195.1997625
400	163.59214	193.9849304
401	219.947532	205.55589
402	472.568647	193.0546411
403	353.999165	183.8421698
404	196.957313	198.7333431
405	640.831406	209.1681426
406	95.963894	178.0325779
407	82.744342	182.2819067
408	96.133404	183.9302215
409	115.937611	183.2580702
410	112.635965	183.3536802
411	122.763033	175.382101
412	89.838365	173.6837349
413	205.069711	179.0794687
414	156.30645	186.0495198
415	195.121797	180
416	115.937611	183.2580702
417	132.654678	184.272891
418	106.723332	196.1308114
419	149.149551	183.7996025
420	105.880041	181.7831015
421	56.221535	180
422	99.269158	181.9018903
423	85.985877	180
424	112.87662	185.0233597
425	157.182022	194.5676074
426	152.128859	180
427	135.952859	184.1690462
428	103.365127	187.324707
429	146.443987	186.4586117
430	112.97224	200.4843347
431	162.184211	177.6715816
432	155.749928	183.6383612
433	162.585264	184.6491784
434	112.491324	178.3217199
435	150.597991	188.8086971
436	198.674946	182.85153
437	103.365127	172.675293
438	165.881748	184.5565904
439	137.026428	188.2944118
440	189.541095	185.9863073
441	162.184211	182.3284219
442	188.536286	181.0012608
443	148.858172	181.2681857
444	109.33465	183.4550643
445	89.838365	186.3162587
446	79.439925	177.6231279
447	122.763033	184.617899
448	86.778096	197.6813579
449	124.518788	190.6732943
450	236.672324	187.1971139
451	144.629229	190.4999705
452	115.937611	183.2580702
453	142.401685	201.7261879
454	123.531665	195.4678734
455	82.744342	182.2819067
456	165.357455	180
457	182.637593	185.1747694
458	133.307652	187.0981797
459	229.377407	194.9831682
460	219.491698	192.482627
461	172.384613	202.9469629
462	247.418052	195.7619952
463	139.544214	194.7725342
464	239.500736	218.8491494
465	158.360267	201.991946
466	122.364517	180
467	119.102943	178.4149135
468	215.191789	177.3674971
469	139.251464	184.0701249
470	219.857368	186.8851794
471	152.271489	177.5199083
472	99.433034	183.7996044
473	120.389061	190.0869358
474	108.68417	186.6845367
