# Oyama crater

# Below are all dune-length and migration direction measurements made in the modern dunes of Oyama crater. 

# For more information contact Mackenzie Day at daym@uw.edu or see: 
# Day, M., and Catling, C., 2018, Dune casts preserved by partial burial: the first identification of “ghost dune” pits on Mars: J. Geophys. Res. Planets. Special issue. 

# FID	Length (m)	Migration (deg) 
0	167.023475	176.3670473
1	184.109308	172.5685942
2	193.435957	176.86364
3	183.251784	175.0302599
4	215.63179	173.6598074
5	185.510839	176.7295136
6	185.680574	175.914381
7	195.738419	170.6650026
8	172.487575	175.6012957
9	226.153434	173.9559072
10	265.231301	175.9958273
11	122.425443	173.7965537
12	201.934869	174.7376048
13	130.96233	171.8698983
14	171.816613	170.2475771
15	167.713614	173.6598083
16	185.510839	176.7295134
17	212.722793	174.2894093
18	199.265202	169.2868773
19	164.041995	180
20	206.612723	170.4170561
21	217.361722	176.510676
22	186.132444	174.2894072
23	150.812802	180
24	178.23607	174.0355131
25	145.905466	175.8403554
26	278.266258	176.7295125
27	189.043272	173.5712519
28	132.71459	175.4260806
29	135.868386	173.2901639
30	187.910432	170.2724198
31	142.875286	180
32	193.30925	177.6467049
33	177.764129	175.7321075
34	137.583609	180
35	208.41753	171.9727637
36	145.905466	175.8403596
37	178.863388	172.349348
38	165.401952	172.6476201
39	141.447236	172.4761799
40	143.266726	175.7636071
41	154.572238	173.1182765
42	220.177655	175.865329
43	170.999795	171.9952703
44	141.19956	167.0053847
45	143.486441	174.7099162
46	147.052464	171.7241071
47	162.455353	173.4537095
48	183.499925	174.2072035
49	162.77822	172.5284402
50	151.945792	172.9987325
51	209.840192	174.9363832
52	175.125738	175.6676871
53	168.380139	171.8699001
54	174.945763	176.531769
55	163.143362	171.6070742
56	164.808351	174.4724606
57	173.620245	172.1168599
58	139.202295	171.2538374
